10110000
10110101
10111010
10111111
01000101
00110001
01010001
11001000
01010110
11100010
11000100
10110000
01000111
11000100
01010110
00110100
01000010
11001100
01010001
00111100
10111010
10110000
00100100
01000100
00010010
00011100
11100000
01000010
11010110
00000100
10110000
01000001
00010010
00011000
11001000
00100100
01110110
10111111
11001100
01000011
00010010
00011000
11100000
11100011
10010001
10111111
11001100
10110000
00010010
00011000
01000100
11100000
01011001
00001100
01100110
10110000
00010010
00011000
01000010
00101100
01010001
00110100
11001110
11011100
00110111
00011000
